0.000000e+00 0.000000e+00
1.000000e-02 -2.59049e-11
2.000000e-02 -5.85152e-11
3.000000e-02 -9.95673e-11
4.000000e-02 -1.51247e-10
5.000000e-02 -2.16307e-10
6.000000e-02 -2.98211e-10
7.000000e-02 -4.01322e-10
8.000000e-02 -5.31130e-10
9.000000e-02 -6.94550e-10
1.000000e-01 -9.00284e-10
1.100000e-01 -1.15929e-09
1.200000e-01 -1.48536e-09
1.300000e-01 -1.89587e-09
1.400000e-01 -2.41268e-09
1.500000e-01 -3.06330e-09
1.600000e-01 -3.88241e-09
1.700000e-01 -4.91361e-09
1.800000e-01 -6.21185e-09
1.900000e-01 -7.84626e-09
2.000000e-01 -9.90389e-09
2.100000e-01 -1.24943e-08
2.200000e-01 -1.57556e-08
2.300000e-01 -1.98613e-08
2.400000e-01 -2.50302e-08
2.500000e-01 -3.15376e-08
2.600000e-01 -3.97301e-08
2.700000e-01 -5.00440e-08
2.800000e-01 -6.30286e-08
2.900000e-01 -7.93756e-08
3.000000e-01 -9.99557e-08
3.100000e-01 -1.25865e-07
3.200000e-01 -1.58483e-07
3.300000e-01 -1.99548e-07
3.400000e-01 -2.51247e-07
3.500000e-01 -3.16332e-07
3.600000e-01 -3.98272e-07
3.700000e-01 -5.01430e-07
3.800000e-01 -6.31300e-07
3.900000e-01 -7.94800e-07
4.000000e-01 -1.00064e-06
4.100000e-01 -1.25978e-06
4.200000e-01 -1.58602e-06
4.300000e-01 -1.99675e-06
4.400000e-01 -2.51383e-06
4.500000e-01 -3.16480e-06
4.600000e-01 -3.98435e-06
4.700000e-01 -5.01612e-06
4.800000e-01 -6.31506e-06
4.900000e-01 -7.95037e-06
5.000000e-01 -1.00091e-05
5.100000e-01 -1.26010e-05
5.200000e-01 -1.58640e-05
5.300000e-01 -1.99720e-05
5.400000e-01 -2.51438e-05
5.500000e-01 -3.16548e-05
5.600000e-01 -3.98518e-05
5.700000e-01 -5.01714e-05
5.800000e-01 -6.31632e-05
5.900000e-01 -7.95192e-05
6.000000e-01 -1.00111e-04
6.100000e-01 -1.26034e-04
6.200000e-01 -1.58671e-04
6.300000e-01 -1.99758e-04
6.400000e-01 -2.51485e-04
6.500000e-01 -3.16607e-04
6.600000e-01 -3.98592e-04
6.700000e-01 -5.01807e-04
6.800000e-01 -6.31749e-04
6.900000e-01 -7.95340e-04
7.000000e-01 -1.00129e-03
7.100000e-01 -1.26058e-03
7.200000e-01 -1.58700e-03
7.300000e-01 -1.99795e-03
7.400000e-01 -2.51532e-03
7.500000e-01 -3.16666e-03
7.600000e-01 -3.98666e-03
7.700000e-01 -5.01900e-03
7.800000e-01 -6.31866e-03
7.900000e-01 -7.95487e-03
8.000000e-01 -1.00148e-02
