0	0.000000e+00	-2.95823e-31	-3.69779e-32	1.093889e-62	1.093889e-62	
1	1.000000e-07	8.990329e-06	1.123791e-06	1.010325e-11	5.051626e-12	
2	2.000000e-07	8.998560e-06	1.124820e-06	1.012176e-11	6.741670e-12	
3	4.000000e-07	9.004848e-06	1.125606e-06	1.013591e-11	7.590230e-12	
4	8.000000e-07	9.023829e-06	1.127979e-06	1.017869e-11	8.107922e-12	
5	1.600000e-06	9.108464e-06	1.138558e-06	1.037051e-11	8.485020e-12	
6	3.200000e-06	9.592071e-06	1.199009e-06	1.150098e-11	8.915872e-12	
7	4.144598e-06	1.663703e-05	2.079628e-06	3.459883e-11	1.212624e-11	
8	4.876595e-06	1.689995e-04	2.112494e-05	3.570103e-09	4.074570e-10	
9	5.325764e-06	1.089676e-03	1.362096e-04	1.484244e-07	1.520915e-08	
10	5.662661e-06	4.155969e-03	5.194961e-04	2.159009e-06	2.101001e-07	
11	5.976960e-06	1.199770e-02	1.499713e-03	1.799311e-05	1.692018e-06	
12	6.340471e-06	2.951477e-02	3.689347e-03	1.088902e-04	9.938034e-06	
13	6.820939e-06	6.358361e-02	7.947951e-03	5.053595e-04	4.532528e-05	
14	7.472469e-06	1.202695e-01	1.503369e-02	1.808094e-03	1.628432e-04	
15	8.068582e-06	1.772340e-01	2.215425e-02	3.926488e-03	3.980710e-04	
16	9.079212e-06	2.789715e-01	3.487143e-02	9.728135e-03	9.468983e-04	
17	1.083287e-05	4.626748e-01	5.783436e-02	2.675850e-02	2.380876e-03	
18	1.337486e-05	7.356851e-01	9.196064e-02	6.765408e-02	5.816308e-03	
19	1.810130e-05	1.250790e+00	1.563488e-01	1.955596e-01	1.530347e-02	
20	2.518390e-05	2.026171e+00	2.532714e-01	5.131712e-01	3.901146e-02	
21	3.202839e-05	2.775680e+00	3.469600e-01	9.630500e-01	8.101321e-02	
22	3.853182e-05	3.483735e+00	4.354669e-01	1.517052e+00	1.434497e-01	
23	4.853182e-05	4.559297e+00	5.699121e-01	2.598398e+00	2.457392e-01	
24	5.853182e-05	5.615155e+00	7.018943e-01	3.941245e+00	3.935594e-01	
25	6.853182e-05	6.646682e+00	8.308353e-01	5.522298e+00	5.908186e-01	
26	7.853182e-05	7.649444e+00	9.561805e-01	7.314249e+00	8.398346e-01	
27	8.853182e-05	8.619290e+00	1.077411e+00	9.286520e+00	1.141502e+00	
28	9.853182e-05	9.552269e+00	1.194034e+00	1.140573e+01	1.495441e+00	
29	1.085318e-04	1.044461e+01	1.305576e+00	1.363623e+01	1.900134e+00	
30	1.185318e-04	1.129272e+01	1.411590e+00	1.594070e+01	2.353055e+00	
31	1.285318e-04	1.209321e+01	1.511652e+00	1.828072e+01	2.850795e+00	
32	1.385318e-04	1.284288e+01	1.605360e+00	2.061744e+01	3.389178e+00	
33	1.485318e-04	1.353874e+01	1.692342e+00	2.291217e+01	3.963384e+00	
34	1.585318e-04	1.417801e+01	1.772251e+00	2.512699e+01	4.568058e+00	
35	1.685318e-04	1.475816e+01	1.844770e+00	2.722540e+01	5.197429e+00	
36	1.785318e-04	1.527688e+01	1.909609e+00	2.917286e+01	5.845414e+00	
37	1.885318e-04	1.573210e+01	1.966513e+00	3.093738e+01	6.505729e+00	
38	1.985318e-04	1.612203e+01	2.015254e+00	3.248999e+01	7.171992e+00	
39	2.085318e-04	1.644511e+01	2.055639e+00	3.380522e+01	7.837822e+00	
40	2.185318e-04	1.670007e+01	2.087509e+00	3.486155e+01	8.496938e+00	
41	2.285318e-04	1.688589e+01	2.110736e+00	3.564165e+01	9.143240e+00	
42	2.385318e-04	1.700183e+01	2.125229e+00	3.613278e+01	9.770904e+00	
43	2.485318e-04	1.704744e+01	2.130930e+00	3.632690e+01	1.037445e+01	
44	2.585318e-04	1.702253e+01	2.127816e+00	3.622082e+01	1.094881e+01	
45	2.685318e-04	1.692721e+01	2.115901e+00	3.581629e+01	1.148941e+01	
46	2.785318e-04	1.676184e+01	2.095230e+00	3.511992e+01	1.199219e+01	
47	2.885318e-04	1.652709e+01	2.065887e+00	3.414311e+01	1.245366e+01	
48	2.985318e-04	1.622389e+01	2.027987e+00	3.290185e+01	1.287097e+01	
49	3.085318e-04	1.585345e+01	1.981681e+00	3.141647e+01	1.324188e+01	
50	3.185318e-04	1.541722e+01	1.927152e+00	2.971132e+01	1.356481e+01	
51	3.285318e-04	1.491694e+01	1.864617e+00	2.781438e+01	1.383884e+01	
52	3.385318e-04	1.435460e+01	1.794325e+00	2.575682e+01	1.406371e+01	
53	3.485318e-04	1.373244e+01	1.716554e+00	2.357247e+01	1.423980e+01	
54	3.585318e-04	1.305292e+01	1.631615e+00	2.129733e+01	1.436812e+01	
55	3.685318e-04	1.231875e+01	1.539844e+00	1.896895e+01	1.445028e+01	
56	3.785318e-04	1.153286e+01	1.441608e+00	1.662586e+01	1.448845e+01	
57	3.885318e-04	1.069839e+01	1.337299e+00	1.430694e+01	1.448532e+01	
58	3.985318e-04	9.818673e+00	1.227334e+00	1.205079e+01	1.444405e+01	
59	4.085318e-04	8.897245e+00	1.112156e+00	9.895120e+00	1.436824e+01	
60	4.185318e-04	7.937825e+00	9.922281e-01	7.876132e+00	1.426181e+01	
61	4.285318e-04	6.944314e+00	8.680393e-01	6.027938e+00	1.412900e+01	
62	4.385318e-04	5.920806e+00	7.401008e-01	4.381993e+00	1.397429e+01	
63	4.485318e-04	4.871608e+00	6.089510e-01	2.966571e+00	1.380229e+01	
64	4.585318e-04	3.801323e+00	4.751654e-01	1.806257e+00	1.361774e+01	
65	4.685318e-04	2.715083e+00	3.393853e-01	9.214593e-01	1.342537e+01	
66	4.785318e-04	1.619374e+00	2.024217e-01	3.277964e-01	1.322989e+01	
67	4.885318e-04	5.301149e-01	6.626436e-02	3.512773e-02	1.303585e+01	
68	4.924036e-04	1.318110e-01	1.647637e-02	2.171767e-03	1.284695e+01	
69	4.941722e-04	7.403041e-03	9.253801e-04	6.850626e-06	1.266342e+01	
70	4.947078e-04	9.587023e-04	1.198378e-04	1.148888e-07	1.248507e+01	
71	4.950688e-04	1.527655e-04	1.909569e-05	2.917163e-09	1.231166e+01	
72	4.953993e-04	7.478200e-05	9.347750e-06	6.990435e-10	1.214301e+01	
73	4.957734e-04	-3.76723e-05	-4.70903e-06	1.774001e-10	1.197891e+01	
74	4.965019e-04	2.784989e-05	3.481236e-06	9.695201e-11	1.181920e+01	
75	4.978013e-04	-4.62890e-05	-5.78613e-06	2.678340e-10	1.166368e+01	
76	5.004003e-04	2.816238e-05	3.520298e-06	9.913996e-11	1.151220e+01	
77	5.033598e-04	-4.67977e-05	-5.84971e-06	2.737527e-10	1.136461e+01	
78	5.046367e-04	-2.94526e-05	-3.68157e-06	1.084317e-10	1.122076e+01	
79	5.054642e-04	-1.95130e-03	-2.43912e-04	4.759458e-07	1.108050e+01	
80	5.059519e-04	-1.11013e-02	-1.38766e-03	1.540491e-05	1.094370e+01	
81	5.063652e-04	-3.10095e-02	-3.87619e-03	1.201986e-04	1.081024e+01	
82	5.067889e-04	-6.10416e-02	-7.63020e-03	4.657591e-04	1.068000e+01	
83	5.073426e-04	-1.08408e-01	-1.35510e-02	1.469042e-03	1.055288e+01	
84	5.079455e-04	-1.65222e-01	-2.06528e-02	3.412308e-03	1.042877e+01	
85	5.089304e-04	-2.63717e-01	-3.29646e-02	8.693335e-03	1.030760e+01	
86	5.103701e-04	-4.13657e-01	-5.17071e-02	2.138903e-02	1.018937e+01	
87	5.129545e-04	-6.90223e-01	-8.62779e-02	5.955104e-02	1.007426e+01	
88	5.171303e-04	-1.14457e+00	-1.43072e-01	1.637558e-01	9.962905e+00	
89	5.231956e-04	-1.80835e+00	-2.26044e-01	4.087685e-01	9.856748e+00	
90	5.309121e-04	-2.65354e+00	-3.31693e-01	8.801604e-01	9.758104e+00	
91	5.379953e-04	-3.42545e+00	-4.28181e-01	1.466713e+00	9.667980e+00	
92	5.479953e-04	-4.50204e+00	-5.62755e-01	2.533545e+00	9.591266e+00	
93	5.579953e-04	-5.55909e+00	-6.94886e-01	3.862937e+00	9.530326e+00	
94	5.679953e-04	-6.59204e+00	-8.24004e-01	5.431867e+00	9.487185e+00	
95	5.779953e-04	-7.59645e+00	-9.49556e-01	7.213252e+00	9.463498e+00	
96	5.879953e-04	-8.56816e+00	-1.07102e+00	9.176673e+00	9.460541e+00	
97	5.979953e-04	-9.50322e+00	-1.18790e+00	1.128889e+01	9.479197e+00	
98	6.079953e-04	-1.03978e+01	-1.29973e+00	1.351436e+01	9.519957e+00	
99	6.179953e-04	-1.12484e+01	-1.40605e+00	1.581582e+01	9.582915e+00	
100	6.279953e-04	-1.20515e+01	-1.50644e+00	1.815492e+01	9.667787e+00	
101	6.379953e-04	-1.28040e+01	-1.60050e+00	2.049281e+01	9.773914e+00	
102	6.479953e-04	-1.35028e+01	-1.68785e+00	2.279076e+01	9.900291e+00	
103	6.579953e-04	-1.41452e+01	-1.76815e+00	2.501081e+01	1.004558e+01	
104	6.679953e-04	-1.47286e+01	-1.84107e+00	2.711636e+01	1.020816e+01	
105	6.779953e-04	-1.52506e+01	-1.90633e+00	2.907276e+01	1.038613e+01	
106	6.879953e-04	-1.57093e+01	-1.96367e+00	3.084785e+01	1.057736e+01	
107	6.979953e-04	-1.61028e+01	-2.01285e+00	3.241251e+01	1.077954e+01	
108	7.079953e-04	-1.64295e+01	-2.05369e+00	3.374106e+01	1.099020e+01	
109	7.179953e-04	-1.66881e+01	-2.08602e+00	3.481175e+01	1.120676e+01	
110	7.279953e-04	-1.68777e+01	-2.10971e+00	3.560705e+01	1.142658e+01	
111	7.379953e-04	-1.69974e+01	-2.12467e+00	3.611393e+01	1.164700e+01	
112	7.479953e-04	-1.70468e+01	-2.13085e+00	3.632410e+01	1.186538e+01	
113	7.579953e-04	-1.70257e+01	-2.12821e+00	3.623412e+01	1.207914e+01	
114	7.679953e-04	-1.69341e+01	-2.11676e+00	3.584548e+01	1.228581e+01	
115	7.779953e-04	-1.67725e+01	-2.09656e+00	3.516452e+01	1.248304e+01	
116	7.879953e-04	-1.65414e+01	-2.06768e+00	3.420239e+01	1.266867e+01	
117	7.979953e-04	-1.62419e+01	-2.03023e+00	3.297483e+01	1.284076e+01	
118	8.079953e-04	-1.58750e+01	-1.98438e+00	3.150197e+01	1.299758e+01	
119	8.179953e-04	-1.54423e+01	-1.93028e+00	2.980793e+01	1.313766e+01	
120	8.279953e-04	-1.49454e+01	-1.86817e+00	2.792052e+01	1.325983e+01	
121	8.379953e-04	-1.43863e+01	-1.79829e+00	2.587074e+01	1.336320e+01	
122	8.479953e-04	-1.37673e+01	-1.72091e+00	2.369229e+01	1.344718e+01	
123	8.579953e-04	-1.30908e+01	-1.63635e+00	2.142108e+01	1.351148e+01	
124	8.679953e-04	-1.23595e+01	-1.54493e+00	1.909458e+01	1.355615e+01	
125	8.779953e-04	-1.15763e+01	-1.44704e+00	1.675130e+01	1.358151e+01	
126	8.879953e-04	-1.07443e+01	-1.34304e+00	1.443010e+01	1.358819e+01	
127	8.979953e-04	-9.86696e+00	-1.23337e+00	1.216961e+01	1.357711e+01	
128	9.079953e-04	-8.94768e+00	-1.11846e+00	1.000761e+01	1.354944e+01	
129	9.179953e-04	-7.99020e+00	-9.98775e-01	7.980405e+00	1.350660e+01	
130	9.279953e-04	-6.99841e+00	-8.74802e-01	6.122223e+00	1.345023e+01	
131	9.379953e-04	-5.97641e+00	-7.47051e-01	4.464680e+00	1.338216e+01	
132	9.479953e-04	-4.92847e+00	-6.16059e-01	3.036231e+00	1.330437e+01	
133	9.579953e-04	-3.85920e+00	-4.82399e-01	1.861674e+00	1.321897e+01	
134	9.679953e-04	-2.77367e+00	-3.46708e-01	9.616527e-01	1.312818e+01	
135	9.779953e-04	-1.67825e+00	-2.09781e-01	3.520654e-01	1.303424e+01	
136	9.879953e-04	-5.87694e-01	-7.34618e-02	4.317304e-02	1.293941e+01	
137	9.919424e-04	-1.76135e-01	-2.20169e-02	3.877934e-03	1.284568e+01	
138	9.939754e-04	-1.36754e-02	-1.70942e-03	2.337707e-05	1.275326e+01	
139	9.945262e-04	-2.01920e-03	-2.52400e-04	5.096466e-07	1.266217e+01	
140	9.951503e-04	-7.16507e-05	-8.95634e-06	6.417285e-10	1.257236e+01	
141	9.954274e-04	-9.10627e-05	-1.13828e-05	1.036551e-09	1.248383e+01	
142	9.957967e-04	6.035819e-05	7.544774e-06	4.553889e-10	1.239653e+01	
143	9.964735e-04	-4.96655e-05	-6.20818e-06	3.083324e-10	1.231044e+01	
144	9.975992e-04	6.811620e-05	8.514524e-06	5.799770e-10	1.222554e+01	
145	9.998506e-04	-4.99226e-05	-6.24032e-06	3.115330e-10	1.214180e+01	
146	1.003528e-03	6.876719e-05	8.595898e-06	5.911157e-10	1.205921e+01	
147	1.004813e-03	7.225122e-05	9.031402e-06	6.525298e-10	1.197772e+01	
148	1.005852e-03	8.153854e-03	1.019232e-03	8.310666e-06	1.189734e+01	
149	1.006312e-03	2.784491e-02	3.480614e-03	9.691739e-05	1.181802e+01	
150	1.006801e-03	6.208300e-02	7.760375e-03	4.817873e-04	1.173976e+01	
151	1.007361e-03	1.100216e-01	1.375271e-02	1.513095e-03	1.166254e+01	
152	1.007993e-03	1.698166e-01	2.122708e-02	3.604711e-03	1.158633e+01	
153	1.008892e-03	2.598286e-01	3.247857e-02	8.438862e-03	1.151115e+01	
154	1.010596e-03	4.375534e-01	5.469418e-02	2.393162e-02	1.143704e+01	
155	1.012904e-03	6.847523e-01	8.559404e-02	5.861072e-02	1.136410e+01	
156	1.017482e-03	1.183058e+00	1.478822e-01	1.749532e-01	1.129283e+01	
157	1.025971e-03	2.113538e+00	2.641923e-01	5.583806e-01	1.122489e+01	
158	1.035971e-03	3.205018e+00	4.006273e-01	1.284018e+00	1.116237e+01	
159	1.045971e-03	4.285159e+00	5.356449e-01	2.295324e+00	1.110695e+01	
160	1.055971e-03	5.346910e+00	6.683637e-01	3.573681e+00	1.106016e+01	
161	1.065971e-03	6.385130e+00	7.981413e-01	5.096236e+00	1.102335e+01	
162	1.075971e-03	7.395649e+00	9.244561e-01	6.836953e+00	1.099767e+01	
163	1.085971e-03	8.374305e+00	1.046788e+00	8.766124e+00	1.098406e+01	
164	1.095971e-03	9.317092e+00	1.164636e+00	1.085103e+01	1.098325e+01	
165	1.105971e-03	1.022019e+01	1.277523e+00	1.305653e+01	1.099574e+01	
166	1.115971e-03	1.107996e+01	1.384995e+00	1.534568e+01	1.102179e+01	
167	1.125971e-03	1.189295e+01	1.486619e+00	1.768029e+01	1.106142e+01	
168	1.135971e-03	1.265593e+01	1.581991e+00	2.002156e+01	1.111444e+01	
169	1.145971e-03	1.336584e+01	1.670729e+00	2.233069e+01	1.118042e+01	
170	1.155971e-03	1.401985e+01	1.752481e+00	2.456952e+01	1.125872e+01	
171	1.165971e-03	1.461537e+01	1.826921e+00	2.670112e+01	1.134850e+01	
172	1.175971e-03	1.515002e+01	1.893753e+00	2.869039e+01	1.144874e+01	
173	1.185971e-03	1.562169e+01	1.952711e+00	3.050464e+01	1.155826e+01	
174	1.195971e-03	1.602849e+01	2.003562e+00	3.211408e+01	1.167572e+01	
175	1.205971e-03	1.636883e+01	2.046103e+00	3.349231e+01	1.179968e+01	
176	1.215971e-03	1.664134e+01	2.080167e+00	3.461676e+01	1.192859e+01	
177	1.225971e-03	1.684494e+01	2.105617e+00	3.546899e+01	1.206084e+01	
178	1.235971e-03	1.697883e+01	2.122354e+00	3.603508e+01	1.219477e+01	
179	1.245971e-03	1.704247e+01	2.130309e+00	3.630574e+01	1.232872e+01	
180	1.255971e-03	1.703563e+01	2.129453e+00	3.627657e+01	1.246103e+01	
181	1.265971e-03	1.695831e+01	2.119788e+00	3.594802e+01	1.259008e+01	
182	1.275971e-03	1.681083e+01	2.101353e+00	3.532548e+01	1.271432e+01	
183	1.285971e-03	1.659377e+01	2.074221e+00	3.441913e+01	1.283228e+01	
184	1.295971e-03	1.630799e+01	2.038499e+00	3.324382e+01	1.294261e+01	
185	1.305971e-03	1.595463e+01	1.994329e+00	3.181879e+01	1.304410e+01	
186	1.315971e-03	1.553509e+01	1.941887e+00	3.016739e+01	1.313566e+01	
187	1.325971e-03	1.505104e+01	1.881380e+00	2.831671e+01	1.321641e+01	
188	1.335971e-03	1.450439e+01	1.813048e+00	2.629715e+01	1.328562e+01	
189	1.345971e-03	1.389731e+01	1.737164e+00	2.414192e+01	1.334276e+01	
190	1.355971e-03	1.323223e+01	1.654029e+00	2.188650e+01	1.338749e+01	
191	1.365971e-03	1.251179e+01	1.563974e+00	1.956811e+01	1.341969e+01	
192	1.375971e-03	1.173886e+01	1.467357e+00	1.722509e+01	1.343940e+01	
193	1.385971e-03	1.091651e+01	1.364564e+00	1.489628e+01	1.344691e+01	
194	1.395971e-03	1.004805e+01	1.256007e+00	1.262042e+01	1.344267e+01	
195	1.405971e-03	9.136958e+00	1.142120e+00	1.043550e+01	1.342733e+01	
196	1.415971e-03	8.186902e+00	1.023363e+00	8.378171e+00	1.340170e+01	
197	1.425971e-03	7.201739e+00	9.002174e-01	6.483130e+00	1.336676e+01	
198	1.435971e-03	6.185512e+00	7.731890e-01	4.782569e+00	1.332362e+01	
199	1.445971e-03	5.142467e+00	6.428083e-01	3.305621e+00	1.327353e+01	
200	1.455971e-03	4.077121e+00	5.096401e-01	2.077864e+00	1.321783e+01	
201	1.465971e-03	2.994428e+00	3.743035e-01	1.120825e+00	1.315795e+01	
202	1.475971e-03	1.900371e+00	2.375463e-01	4.514261e-01	1.309535e+01	
203	1.485971e-03	8.065011e-01	1.008126e-01	8.130550e-02	1.303156e+01	
204	1.491932e-03	1.771606e-01	2.214508e-02	3.923236e-03	1.296801e+01	
205	1.493824e-03	2.039941e-02	2.549927e-03	5.201701e-05	1.290506e+01	
206	1.494658e-03	1.220377e-03	1.525471e-04	1.861649e-07	1.284271e+01	
207	1.495278e-03	-1.48811e-05	-1.86014e-06	2.768082e-11	1.278097e+01	
208	1.495657e-03	9.125328e-05	1.140666e-05	1.040895e-09	1.271982e+01	
209	1.496014e-03	-9.22189e-05	-1.15274e-05	1.063040e-09	1.265925e+01	
210	1.496726e-03	7.621065e-05	9.526332e-06	7.260080e-10	1.259925e+01	
211	1.498150e-03	-9.47142e-05	-1.18393e-05	1.121348e-09	1.253982e+01	
212	1.500999e-03	7.663080e-05	9.578850e-06	7.340350e-10	1.248095e+01	
213	1.503222e-03	-9.52156e-05	-1.19020e-05	1.133252e-09	1.242263e+01	
214	1.504290e-03	6.297708e-05	7.872135e-06	4.957641e-10	1.236485e+01	
215	1.505190e-03	-7.01832e-04	-8.77290e-05	6.157103e-08	1.230760e+01	
216	1.505643e-03	-3.79075e-03	-4.73843e-04	1.796219e-06	1.225088e+01	
217	1.505984e-03	-1.22946e-02	-1.53682e-03	1.889462e-05	1.219469e+01	
218	1.506398e-03	-3.30258e-02	-4.12822e-03	1.363377e-04	1.213900e+01	
219	1.506845e-03	-6.55413e-02	-8.19266e-03	5.369574e-04	1.208383e+01	
220	1.507468e-03	-1.19884e-01	-1.49855e-02	1.796523e-03	1.202916e+01	
221	1.508110e-03	-1.81331e-01	-2.26664e-02	4.110124e-03	1.197499e+01	
222	1.509083e-03	-2.79362e-01	-3.49202e-02	9.755380e-03	1.192134e+01	
223	1.510981e-03	-4.78408e-01	-5.98010e-02	2.860926e-02	1.186824e+01	
224	1.513395e-03	-7.37907e-01	-9.22384e-02	6.806333e-02	1.181580e+01	
225	1.518224e-03	-1.26307e+00	-1.57883e-01	1.994170e-01	1.176440e+01	
226	1.522446e-03	-1.72627e+00	-2.15784e-01	3.725019e-01	1.171421e+01	
227	1.526484e-03	-2.16973e+00	-2.71217e-01	5.884680e-01	1.166542e+01	
228	1.533027e-03	-2.88533e+00	-3.60666e-01	1.040641e+00	1.161902e+01	
229	1.539612e-03	-3.60074e+00	-4.50093e-01	1.620668e+00	1.157555e+01	
230	1.549612e-03	-4.67435e+00	-5.84294e-01	2.731192e+00	1.153726e+01	
231	1.559612e-03	-5.72784e+00	-7.15980e-01	4.101020e+00	1.150521e+01	
232	1.569612e-03	-6.75647e+00	-8.44559e-01	5.706242e+00	1.148032e+01	
233	1.579612e-03	-7.75588e+00	-9.69484e-01	7.519200e+00	1.146339e+01	
234	1.589612e-03	-8.72193e+00	-1.09024e+00	9.508997e+00	1.145508e+01	
235	1.599612e-03	-9.65069e+00	-1.20634e+00	1.164198e+01	1.145587e+01	
236	1.609612e-03	-1.05384e+01	-1.31730e+00	1.388230e+01	1.146611e+01	
237	1.619612e-03	-1.13816e+01	-1.42269e+00	1.619247e+01	1.148597e+01	
238	1.629612e-03	-1.21767e+01	-1.52209e+00	1.853401e+01	1.151546e+01	
239	1.639612e-03	-1.29207e+01	-1.61509e+00	2.086805e+01	1.155442e+01	
240	1.649612e-03	-1.36106e+01	-1.70132e+00	2.315595e+01	1.160256e+01	
241	1.659612e-03	-1.42436e+01	-1.78045e+00	2.535993e+01	1.165941e+01	
242	1.669612e-03	-1.48172e+01	-1.85215e+00	2.744365e+01	1.172437e+01	
243	1.679612e-03	-1.53291e+01	-1.91614e+00	2.937284e+01	1.179670e+01	
244	1.689612e-03	-1.57774e+01	-1.97218e+00	3.111580e+01	1.187555e+01	
245	1.699612e-03	-1.61602e+01	-2.02002e+00	3.264393e+01	1.195998e+01	
246	1.709612e-03	-1.64760e+01	-2.05949e+00	3.393216e+01	1.204893e+01	
247	1.719612e-03	-1.67235e+01	-2.09044e+00	3.495940e+01	1.214131e+01	
248	1.729612e-03	-1.69018e+01	-2.11272e+00	3.570882e+01	1.223596e+01	
249	1.739612e-03	-1.70102e+01	-2.12627e+00	3.616816e+01	1.233169e+01	
250	1.749612e-03	-1.70481e+01	-2.13102e+00	3.632991e+01	1.242730e+01	
251	1.759612e-03	-1.70156e+01	-2.12695e+00	3.619142e+01	1.252160e+01	
252	1.769612e-03	-1.69127e+01	-2.11409e+00	3.575496e+01	1.261343e+01	
253	1.779612e-03	-1.67398e+01	-2.09248e+00	3.502766e+01	1.270168e+01	
254	1.789612e-03	-1.64976e+01	-2.06220e+00	3.402143e+01	1.278529e+01	
255	1.799612e-03	-1.61871e+01	-2.02339e+00	3.275274e+01	1.286328e+01	
256	1.809612e-03	-1.58095e+01	-1.97618e+00	3.124238e+01	1.293480e+01	
257	1.819612e-03	-1.53662e+01	-1.92078e+00	2.951510e+01	1.299906e+01	
258	1.829612e-03	-1.48591e+01	-1.85739e+00	2.759926e+01	1.305543e+01	
259	1.839612e-03	-1.42902e+01	-1.78628e+00	2.552633e+01	1.310340e+01	
260	1.849612e-03	-1.36617e+01	-1.70772e+00	2.333040e+01	1.314258e+01	
261	1.859612e-03	-1.29762e+01	-1.62202e+00	2.104768e+01	1.317276e+01	
262	1.869612e-03	-1.22363e+01	-1.52954e+00	1.871584e+01	1.319383e+01	
263	1.879612e-03	-1.14450e+01	-1.43062e+00	1.637349e+01	1.320588e+01	
264	1.889612e-03	-1.06055e+01	-1.32568e+00	1.405950e+01	1.320910e+01	
265	1.899612e-03	-9.72108e+00	-1.21513e+00	1.181241e+01	1.320385e+01	
266	1.909612e-03	-8.79536e+00	-1.09942e+00	9.669795e+00	1.319061e+01	
267	1.919612e-03	-7.83207e+00	-9.79008e-01	7.667658e+00	1.317000e+01	
268	1.929612e-03	-6.83511e+00	-8.54389e-01	5.839849e+00	1.314275e+01	
269	1.939612e-03	-5.80862e+00	-7.26078e-01	4.217508e+00	1.310970e+01	
270	1.949612e-03	-4.75691e+00	-5.94614e-01	2.828530e+00	1.307176e+01	
271	1.959612e-03	-3.68465e+00	-4.60581e-01	1.697077e+00	1.302994e+01	
272	1.969612e-03	-2.59703e+00	-3.24629e-01	8.430703e-01	1.298530e+01	
273	1.979612e-03	-1.50083e+00	-1.87603e-01	2.815598e-01	1.293893e+01	
274	1.989612e-03	-4.15519e-01	-5.19399e-02	2.158203e-02	1.289196e+01	
275	1.993463e-03	-4.22921e-02	-5.28652e-03	2.235781e-04	1.284525e+01	
276	1.994482e-03	-2.26415e-03	-2.83018e-04	6.407945e-07	1.279888e+01	
277	1.995084e-03	-2.63894e-04	-3.29868e-05	8.705038e-09	1.275284e+01	
278	1.995340e-03	3.552043e-05	4.440054e-06	1.577127e-10	1.270713e+01	
279	1.995713e-03	-8.95138e-05	-1.11892e-05	1.001590e-09	1.266175e+01	
280	1.996280e-03	9.594684e-05	1.199336e-05	1.150725e-09	1.261669e+01	
281	1.997414e-03	-7.79163e-05	-9.73953e-06	7.588678e-10	1.257195e+01	
282	1.999460e-03	9.615606e-05	1.201951e-05	1.155748e-09	1.252753e+01	
283	2.003552e-03	-7.72780e-05	-9.65975e-06	7.464855e-10	1.248342e+01	
284	2.005674e-03	4.394134e-03	5.492667e-04	2.413552e-06	1.243961e+01	
285	2.006423e-03	3.460370e-02	4.325462e-03	1.496770e-04	1.239612e+01	
286	2.007218e-03	9.725686e-02	1.215711e-02	1.182362e-03	1.235293e+01	
287	2.007948e-03	1.654546e-01	2.068183e-02	3.421904e-03	1.231005e+01	
288	2.008698e-03	2.400359e-01	3.000448e-02	7.202152e-03	1.226748e+01	
289	2.009936e-03	3.679293e-01	4.599117e-02	1.692150e-02	1.222524e+01	
290	2.012411e-03	6.316398e-01	7.895498e-02	4.987111e-02	1.218340e+01	
291	2.015665e-03	9.837237e-01	1.229655e-01	1.209640e-01	1.214209e+01	
292	2.020447e-03	1.506705e+00	1.883381e-01	2.837698e-01	1.210162e+01	
293	2.024760e-03	1.980519e+00	2.475649e-01	4.903069e-01	1.206212e+01	
294	2.030549e-03	2.614697e+00	3.268371e-01	8.545798e-01	1.202413e+01	
295	2.036572e-03	3.271172e+00	4.088965e-01	1.337571e+00	1.198803e+01	
296	2.046572e-03	4.349870e+00	5.437337e-01	2.365171e+00	1.195563e+01	
297	2.056572e-03	5.410008e+00	6.762510e-01	3.658524e+00	1.192778e+01	
298	2.066572e-03	6.446685e+00	8.058356e-01	5.194968e+00	1.190527e+01	
299	2.076572e-03	7.455416e+00	9.319270e-01	6.947903e+00	1.188874e+01	
300	2.086572e-03	8.432029e+00	1.054004e+00	8.887388e+00	1.187877e+01	
301	2.096572e-03	9.372534e+00	1.171567e+00	1.098055e+01	1.187580e+01	
302	2.106572e-03	1.027313e+01	1.284141e+00	1.319214e+01	1.188014e+01	
303	2.116572e-03	1.113018e+01	1.391273e+00	1.548511e+01	1.189200e+01	
304	2.126572e-03	1.194026e+01	1.492533e+00	1.782123e+01	1.191144e+01	
305	2.136572e-03	1.270013e+01	1.587516e+00	2.016166e+01	1.193840e+01	
306	2.146572e-03	1.340675e+01	1.675844e+00	2.246763e+01	1.197270e+01	
307	2.156572e-03	1.405732e+01	1.757165e+00	2.470104e+01	1.201402e+01	
308	2.166572e-03	1.464925e+01	1.831156e+00	2.682505e+01	1.206196e+01	
309	2.176572e-03	1.518017e+01	1.897521e+00	2.880470e+01	1.211596e+01	
310	2.186572e-03	1.564799e+01	1.955999e+00	3.060745e+01	1.217542e+01	
311	2.196572e-03	1.605084e+01	2.006356e+00	3.220370e+01	1.223962e+01	
312	2.206572e-03	1.638714e+01	2.048392e+00	3.356728e+01	1.230776e+01	
313	2.216572e-03	1.665553e+01	2.081941e+00	3.467583e+01	1.237899e+01	
314	2.226572e-03	1.685496e+01	2.106870e+00	3.551122e+01	1.245243e+01	
315	2.236572e-03	1.698464e+01	2.123080e+00	3.605976e+01	1.252713e+01	
316	2.246572e-03	1.704406e+01	2.130507e+00	3.631248e+01	1.260217e+01	
317	2.256572e-03	1.703297e+01	2.129121e+00	3.626524e+01	1.267658e+01	
318	2.266572e-03	1.695142e+01	2.118927e+00	3.591882e+01	1.274944e+01	
319	2.276572e-03	1.679974e+01	2.099967e+00	3.527889e+01	1.281984e+01	
320	2.286572e-03	1.657852e+01	2.072315e+00	3.435591e+01	1.288693e+01	
321	2.296572e-03	1.628865e+01	2.036081e+00	3.316500e+01	1.294991e+01	
322	2.306572e-03	1.593127e+01	1.991409e+00	3.172566e+01	1.300804e+01	
323	2.316572e-03	1.550780e+01	1.938475e+00	3.006148e+01	1.306067e+01	
324	2.326572e-03	1.501993e+01	1.877491e+00	2.819977e+01	1.310725e+01	
325	2.336572e-03	1.446958e+01	1.808697e+00	2.617109e+01	1.314733e+01	
326	2.346572e-03	1.385895e+01	1.732369e+00	2.400881e+01	1.318054e+01	
327	2.356572e-03	1.319046e+01	1.648808e+00	2.174854e+01	1.320666e+01	
328	2.366572e-03	1.246678e+01	1.558348e+00	1.942758e+01	1.322557e+01	
329	2.376572e-03	1.169079e+01	1.461348e+00	1.708432e+01	1.323727e+01	
330	2.386572e-03	1.086558e+01	1.358197e+00	1.475760e+01	1.324186e+01	
331	2.396572e-03	9.994455e+00	1.249307e+00	1.248614e+01	1.323958e+01	
332	2.406572e-03	9.080914e+00	1.135114e+00	1.030787e+01	1.323078e+01	
333	2.416572e-03	8.128636e+00	1.016080e+00	8.259341e+00	1.321589e+01	
334	2.426572e-03	7.141491e+00	8.926863e-01	6.375111e+00	1.319547e+01	
335	2.436572e-03	6.123528e+00	7.654410e-01	4.687200e+00	1.317015e+01	
336	2.446572e-03	5.079013e+00	6.348767e-01	3.224547e+00	1.314064e+01	
337	2.456572e-03	4.012477e+00	5.015597e-01	2.012497e+00	1.310772e+01	
338	2.466572e-03	2.928918e+00	3.661147e-01	1.072320e+00	1.307221e+01	
339	2.476572e-03	1.834415e+00	2.293019e-01	4.206349e-01	1.303500e+01	
340	2.486572e-03	7.413195e-01	9.266494e-02	6.869432e-02	1.299698e+01	
341	2.490895e-03	2.814167e-01	3.517709e-02	9.899423e-03	1.295900e+01	
342	2.493830e-03	2.013989e-02	2.517486e-03	5.070189e-05	1.292122e+01	
343	2.494438e-03	2.747883e-03	3.434854e-04	9.438580e-07	1.288366e+01	
344	2.495210e-03	1.520175e-04	1.900218e-05	2.888664e-09	1.284632e+01	
345	2.495492e-03	-3.15919e-05	-3.94899e-06	1.247562e-10	1.280919e+01	
346	2.495852e-03	5.020738e-05	6.275922e-06	3.150976e-10	1.277228e+01	
347	2.496501e-03	-6.27185e-05	-7.83981e-06	4.917013e-10	1.273557e+01	
348	2.497799e-03	4.425747e-05	5.532184e-06	2.448405e-10	1.269908e+01	
349	2.500395e-03	-6.23733e-05	-7.79667e-06	4.863041e-10	1.266280e+01	
350	2.505090e-03	-3.53790e-04	-4.42238e-05	1.564593e-08	1.262672e+01	
351	2.506526e-03	-4.15064e-02	-5.18830e-03	2.153477e-04	1.259085e+01	
352	2.507464e-03	-1.19550e-01	-1.49438e-02	1.786532e-03	1.255519e+01	
353	2.508376e-03	-2.07550e-01	-2.59438e-02	5.384644e-03	1.251974e+01	
354	2.509232e-03	-2.94702e-01	-3.68378e-02	1.085617e-02	1.248450e+01	
355	2.510785e-03	-4.57140e-01	-5.71425e-02	2.612211e-02	1.244951e+01	
356	2.512751e-03	-6.67700e-01	-8.34625e-02	5.572797e-02	1.241479e+01	
357	2.515164e-03	-9.29697e-01	-1.16212e-01	1.080421e-01	1.238041e+01	
358	2.519991e-03	-1.45727e+00	-1.82159e-01	2.654561e-01	1.234667e+01	
359	2.524738e-03	-1.97814e+00	-2.47268e-01	4.891311e-01	1.231373e+01	
360	2.531881e-03	-2.76010e+00	-3.45012e-01	9.522660e-01	1.228226e+01	
361	2.541881e-03	-3.84570e+00	-4.80713e-01	1.848681e+00	1.225343e+01	
362	2.551881e-03	-4.91531e+00	-6.14413e-01	3.020031e+00	1.222800e+01	
363	2.561881e-03	-5.96361e+00	-7.45451e-01	4.445574e+00	1.220662e+01	
364	2.571881e-03	-6.98597e+00	-8.73247e-01	6.100480e+00	1.218989e+01	
365	2.581881e-03	-7.97816e+00	-9.97270e-01	7.956380e+00	1.217832e+01	
366	2.591881e-03	-8.93609e+00	-1.11701e+00	9.981710e+00	1.217234e+01	
367	2.601881e-03	-9.85587e+00	-1.23198e+00	1.214226e+01	1.217226e+01	
368	2.611881e-03	-1.07338e+01	-1.34172e+00	1.440176e+01	1.217830e+01	
369	2.621881e-03	-1.15663e+01	-1.44579e+00	1.672245e+01	1.219058e+01	
370	2.631881e-03	-1.23501e+01	-1.54377e+00	1.906570e+01	1.220911e+01	
371	2.641881e-03	-1.30821e+01	-1.63526e+00	2.139264e+01	1.223380e+01	
372	2.651881e-03	-1.37593e+01	-1.71991e+00	2.366477e+01	1.226444e+01	
373	2.661881e-03	-1.43790e+01	-1.79738e+00	2.584458e+01	1.230075e+01	
374	2.671881e-03	-1.49389e+01	-1.86736e+00	2.789616e+01	1.234234e+01	
375	2.681881e-03	-1.54365e+01	-1.92956e+00	2.978577e+01	1.238873e+01	
376	2.691881e-03	-1.58701e+01	-1.98376e+00	3.148237e+01	1.243938e+01	
377	2.701881e-03	-1.62378e+01	-2.02972e+00	3.295811e+01	1.249366e+01	
378	2.711881e-03	-1.65382e+01	-2.06727e+00	3.418882e+01	1.255090e+01	
379	2.721881e-03	-1.67701e+01	-2.09626e+00	3.515434e+01	1.261039e+01	
380	2.731881e-03	-1.69325e+01	-2.11657e+00	3.583884e+01	1.267135e+01	
381	2.741881e-03	-1.70250e+01	-2.12812e+00	3.623114e+01	1.273303e+01	
382	2.751881e-03	-1.70470e+01	-2.13087e+00	3.632482e+01	1.279463e+01	
383	2.761881e-03	-1.69984e+01	-2.12480e+00	3.611834e+01	1.285537e+01	
384	2.771881e-03	-1.68796e+01	-2.10995e+00	3.561508e+01	1.291448e+01	
385	2.781881e-03	-1.66909e+01	-2.08636e+00	3.482327e+01	1.297124e+01	
386	2.791881e-03	-1.64331e+01	-2.05414e+00	3.375588e+01	1.302495e+01	
387	2.801881e-03	-1.61072e+01	-2.01340e+00	3.243038e+01	1.307496e+01	
388	2.811881e-03	-1.57146e+01	-1.96432e+00	3.086849e+01	1.312070e+01	
389	2.821881e-03	-1.52567e+01	-1.90709e+00	2.909582e+01	1.316167e+01	
390	2.831881e-03	-1.47354e+01	-1.84192e+00	2.714147e+01	1.319742e+01	
391	2.841881e-03	-1.41528e+01	-1.76909e+00	2.503755e+01	1.322762e+01	
392	2.851881e-03	-1.35111e+01	-1.68889e+00	2.281869e+01	1.325203e+01	
393	2.861881e-03	-1.28130e+01	-1.60162e+00	2.052147e+01	1.327048e+01	
394	2.871881e-03	-1.20611e+01	-1.50764e+00	1.818385e+01	1.328292e+01	
395	2.881881e-03	-1.12586e+01	-1.40733e+00	1.584452e+01	1.328939e+01	
396	2.891881e-03	-1.04086e+01	-1.30107e+00	1.354236e+01	1.329002e+01	
397	2.901881e-03	-9.51451e+00	-1.18931e+00	1.131573e+01	1.328506e+01	
398	2.911881e-03	-8.57993e+00	-1.07249e+00	9.201897e+00	1.327483e+01	
399	2.921881e-03	-7.60865e+00	-9.51081e-01	7.236437e+00	1.325973e+01	
400	2.931881e-03	-6.60462e+00	-8.25578e-01	5.452630e+00	1.324026e+01	
401	2.941881e-03	-5.57202e+00	-6.96502e-01	3.880923e+00	1.321698e+01	
402	2.951881e-03	-4.51522e+00	-5.64403e-01	2.548407e+00	1.319051e+01	
403	2.961881e-03	-3.43898e+00	-4.29873e-01	1.478327e+00	1.316152e+01	
404	2.971881e-03	-2.34873e+00	-2.93591e-01	6.895667e-01	1.313072e+01	
405	2.981881e-03	-1.25194e+00	-1.56493e-01	1.959202e-01	1.309886e+01	
406	2.991881e-03	-1.82123e-01	-2.27654e-02	4.146103e-03	1.306669e+01	
407	2.994807e-03	-6.34619e-04	-7.93273e-05	5.034261e-08	1.303466e+01	
408	2.995343e-03	-1.95889e-05	-2.44861e-06	4.796552e-11	1.300280e+01	
409	2.995658e-03	-3.69443e-05	-4.61804e-06	1.706100e-10	1.297108e+01	
410	2.996140e-03	3.932655e-05	4.915819e-06	1.933222e-10	1.293952e+01	
411	2.997103e-03	-2.20317e-05	-2.75397e-06	6.067474e-11	1.290811e+01	
412	2.998788e-03	4.042574e-05	5.053218e-06	2.042801e-10	1.287686e+01	
413	3.000000e-03	-2.23780e-05	-2.79725e-06	6.259676e-11	1.284576e+01	
