0	0.000000e+00	2.300000e+01	-2.30223e-11	-5.29513e-10	-5.29513e-10	
1	1.000000e-07	2.300000e+01	4.230846e-06	9.730945e-05	4.865446e-05	
2	2.000000e-07	2.300000e+01	4.231467e-06	9.732374e-05	6.487755e-05	
3	4.000000e-07	2.300000e+01	4.232702e-06	9.735215e-05	7.299620e-05	
4	8.000000e-07	2.300000e+01	4.233917e-06	9.738010e-05	7.787298e-05	
5	1.600000e-06	2.300000e+01	4.237511e-06	9.746274e-05	8.113794e-05	
6	3.200000e-06	2.300000e+01	4.229708e-06	9.728328e-05	8.344442e-05	
7	4.144598e-06	2.300000e+01	3.426284e-06	7.880453e-05	8.286443e-05	
8	4.876595e-06	2.300000e+01	-1.53915e-05	-3.54005e-04	3.432338e-05	
9	5.325764e-06	2.300000e+01	-1.29137e-04	-2.97016e-03	-2.66125e-04	
10	5.662661e-06	2.300000e+01	-5.08114e-04	-1.16866e-02	-1.30435e-03	
11	5.976960e-06	2.300000e+01	-1.47804e-03	-3.39948e-02	-4.02856e-03	
12	6.340471e-06	2.300000e+01	-3.64707e-03	-8.38825e-02	-1.01712e-02	
13	6.820939e-06	2.300000e+01	-7.86889e-03	-1.80984e-01	-2.23721e-02	
14	7.472469e-06	2.300000e+01	-1.48958e-02	-3.42603e-01	-4.37208e-02	
15	8.068582e-06	2.300000e+01	-2.19579e-02	-5.05031e-01	-7.25527e-02	
16	9.079212e-06	2.300000e+01	-3.45707e-02	-7.95127e-01	-1.15057e-01	
17	1.083287e-05	2.300000e+01	-5.73460e-02	-1.31896e+00	-1.81940e-01	
18	1.337486e-05	2.300000e+01	-9.11922e-02	-2.09742e+00	-2.82755e-01	
19	1.810130e-05	2.300000e+01	-1.55049e-01	-3.56613e+00	-4.46924e-01	
20	2.518390e-05	2.300000e+01	-2.51164e-01	-5.77676e+00	-7.00726e-01	
21	3.202839e-05	2.300000e+01	-3.44068e-01	-7.91356e+00	-1.02858e+00	
22	3.853182e-05	2.300000e+01	-4.31811e-01	-9.93164e+00	-1.41567e+00	
23	4.853182e-05	2.300000e+01	-5.65092e-01	-1.29971e+01	-1.89823e+00	
24	5.853182e-05	2.300000e+01	-6.95906e-01	-1.60058e+01	-2.46254e+00	
25	6.853182e-05	2.300000e+01	-8.23691e-01	-1.89449e+01	-3.09647e+00	
26	7.853182e-05	2.300000e+01	-9.47886e-01	-2.18014e+01	-3.78925e+00	
27	8.853182e-05	2.300000e+01	-1.06799e+00	-2.45638e+01	-4.53119e+00	
28	9.853182e-05	2.300000e+01	-1.18351e+00	-2.72207e+01	-5.31359e+00	
29	1.085318e-04	2.300000e+01	-1.29398e+00	-2.97616e+01	-6.12852e+00	
30	1.185318e-04	2.300000e+01	-1.39896e+00	-3.21760e+01	-6.96876e+00	
31	1.285318e-04	2.300000e+01	-1.49803e+00	-3.44547e+01	-7.82770e+00	
32	1.385318e-04	2.300000e+01	-1.59079e+00	-3.65882e+01	-8.69923e+00	
33	1.485318e-04	2.300000e+01	-1.67689e+00	-3.85686e+01	-9.57774e+00	
34	1.585318e-04	2.300000e+01	-1.75598e+00	-4.03875e+01	-1.04580e+01	
35	1.685318e-04	2.300000e+01	-1.82774e+00	-4.20381e+01	-1.13352e+01	
36	1.785318e-04	2.300000e+01	-1.89190e+00	-4.35136e+01	-1.22049e+01	
37	1.885318e-04	2.300000e+01	-1.94820e+00	-4.48086e+01	-1.30629e+01	
38	1.985318e-04	2.300000e+01	-1.99642e+00	-4.59176e+01	-1.39053e+01	
39	2.085318e-04	2.300000e+01	-2.03637e+00	-4.68365e+01	-1.47286e+01	
40	2.185318e-04	2.300000e+01	-2.06789e+00	-4.75615e+01	-1.55294e+01	
41	2.285318e-04	2.300000e+01	-2.09087e+00	-4.80901e+01	-1.63047e+01	
42	2.385318e-04	2.300000e+01	-2.10520e+00	-4.84197e+01	-1.70515e+01	
43	2.485318e-04	2.300000e+01	-2.11085e+00	-4.85495e+01	-1.77674e+01	
44	2.585318e-04	2.300000e+01	-2.10777e+00	-4.84786e+01	-1.84499e+01	
45	2.685318e-04	2.300000e+01	-2.09599e+00	-4.82077e+01	-1.90968e+01	
46	2.785318e-04	2.300000e+01	-2.07554e+00	-4.77374e+01	-1.97062e+01	
47	2.885318e-04	2.300000e+01	-2.04652e+00	-4.70699e+01	-2.02762e+01	
48	2.985318e-04	2.300000e+01	-2.00902e+00	-4.62076e+01	-2.08054e+01	
49	3.085318e-04	2.300000e+01	-1.96322e+00	-4.51541e+01	-2.12924e+01	
50	3.185318e-04	2.300000e+01	-1.90927e+00	-4.39132e+01	-2.17360e+01	
51	3.285318e-04	2.300000e+01	-1.84740e+00	-4.24902e+01	-2.21351e+01	
52	3.385318e-04	2.300000e+01	-1.77784e+00	-4.08903e+01	-2.24890e+01	
53	3.485318e-04	2.300000e+01	-1.70088e+00	-3.91202e+01	-2.27969e+01	
54	3.585318e-04	2.300000e+01	-1.61681e+00	-3.71865e+01	-2.30586e+01	
55	3.685318e-04	2.300000e+01	-1.52597e+00	-3.50972e+01	-2.32736e+01	
56	3.785318e-04	2.300000e+01	-1.42871e+00	-3.28602e+01	-2.34417e+01	
57	3.885318e-04	2.300000e+01	-1.32542e+00	-3.04847e+01	-2.35632e+01	
58	3.985318e-04	2.300000e+01	-1.21652e+00	-2.79799e+01	-2.36380e+01	
59	4.085318e-04	2.300000e+01	-1.10244e+00	-2.53561e+01	-2.36667e+01	
60	4.185318e-04	2.300000e+01	-9.83632e-01	-2.26235e+01	-2.36496e+01	
61	4.285318e-04	2.300000e+01	-8.60589e-01	-1.97936e+01	-2.35874e+01	
62	4.385318e-04	2.300000e+01	-7.33804e-01	-1.68775e+01	-2.34809e+01	
63	4.485318e-04	2.300000e+01	-6.03823e-01	-1.38879e+01	-2.33310e+01	
64	4.585318e-04	2.300000e+01	-4.71201e-01	-1.08376e+01	-2.31388e+01	
65	4.685318e-04	2.300000e+01	-3.36588e-01	-7.74153e+00	-2.29055e+01	
66	4.785318e-04	2.300000e+01	-2.00773e-01	-4.61779e+00	-2.26325e+01	
67	4.885318e-04	2.300000e+01	-6.57447e-02	-1.51213e+00	-2.23219e+01	
68	4.924036e-04	2.300000e+01	-1.63569e-02	-3.76208e-01	-2.20039e+01	
69	4.941722e-04	2.300000e+01	-9.30424e-04	-2.13998e-02	-2.16898e+01	
70	4.947078e-04	2.300000e+01	-1.20167e-04	-2.76385e-03	-2.13844e+01	
71	4.950688e-04	2.300000e+01	-2.91658e-05	-6.70814e-04	-2.10874e+01	
72	4.953993e-04	2.300000e+01	-1.01913e-05	-2.34399e-04	-2.07985e+01	
73	4.957734e-04	2.300000e+01	-5.42212e-06	-1.24709e-04	-2.05175e+01	
74	4.965019e-04	2.300000e+01	-4.29378e-06	-9.87570e-05	-2.02439e+01	
75	4.978013e-04	2.300000e+01	-4.24004e-06	-9.75210e-05	-1.99775e+01	
76	5.004003e-04	2.300000e+01	-4.22918e-06	-9.72712e-05	-1.97181e+01	
77	5.033598e-04	2.300000e+01	-4.21638e-06	-9.69768e-05	-1.94653e+01	
78	5.046367e-04	2.300000e+01	-4.20991e-06	-9.68278e-05	-1.92189e+01	
79	5.054642e-04	2.300000e+01	-4.20630e-06	-9.67449e-05	-1.89787e+01	
80	5.059519e-04	2.300000e+01	-4.20344e-06	-9.66792e-05	-1.87444e+01	
81	5.063652e-04	2.300000e+01	-4.20180e-06	-9.66415e-05	-1.85158e+01	
82	5.067889e-04	2.300000e+01	-4.19921e-06	-9.65819e-05	-1.82927e+01	
83	5.073426e-04	2.300000e+01	-4.19680e-06	-9.65264e-05	-1.80749e+01	
84	5.079455e-04	2.300000e+01	-4.19321e-06	-9.64437e-05	-1.78623e+01	
85	5.089304e-04	2.300000e+01	-4.18839e-06	-9.63330e-05	-1.76546e+01	
86	5.103701e-04	2.300000e+01	-4.18003e-06	-9.61406e-05	-1.74517e+01	
87	5.129545e-04	2.300000e+01	-4.16558e-06	-9.58084e-05	-1.72533e+01	
88	5.171303e-04	2.300000e+01	-4.13916e-06	-9.52006e-05	-1.70595e+01	
89	5.231956e-04	2.300000e+01	-4.09768e-06	-9.42468e-05	-1.68699e+01	
90	5.309121e-04	2.300000e+01	-4.03669e-06	-9.28439e-05	-1.66846e+01	
91	5.379953e-04	2.300000e+01	-3.97409e-06	-9.14041e-05	-1.65032e+01	
92	5.479953e-04	2.300000e+01	-3.87591e-06	-8.91460e-05	-1.63257e+01	
93	5.579953e-04	2.300000e+01	-3.76342e-06	-8.65587e-05	-1.61521e+01	
94	5.679953e-04	2.300000e+01	-3.64126e-06	-8.37489e-05	-1.59821e+01	
95	5.779953e-04	2.300000e+01	-3.50575e-06	-8.06322e-05	-1.58156e+01	
96	5.879953e-04	2.300000e+01	-3.36157e-06	-7.73160e-05	-1.56525e+01	
97	5.979953e-04	2.300000e+01	-3.20508e-06	-7.37168e-05	-1.54928e+01	
98	6.079953e-04	2.300000e+01	-3.04099e-06	-6.99427e-05	-1.53363e+01	
99	6.179953e-04	2.300000e+01	-2.86569e-06	-6.59108e-05	-1.51830e+01	
100	6.279953e-04	2.300000e+01	-2.68391e-06	-6.17299e-05	-1.50326e+01	
101	6.379953e-04	2.300000e+01	-2.49208e-06	-5.73179e-05	-1.48852e+01	
102	6.479953e-04	2.300000e+01	-2.29497e-06	-5.27842e-05	-1.47407e+01	
103	6.579953e-04	2.300000e+01	-2.08901e-06	-4.80473e-05	-1.45990e+01	
104	6.679953e-04	2.300000e+01	-1.87901e-06	-4.32171e-05	-1.44600e+01	
105	6.779953e-04	2.300000e+01	-1.66142e-06	-3.82127e-05	-1.43235e+01	
106	6.879953e-04	2.300000e+01	-1.44107e-06	-3.31447e-05	-1.41897e+01	
107	6.979953e-04	2.300000e+01	-1.21445e-06	-2.79323e-05	-1.40583e+01	
108	7.079953e-04	2.300000e+01	-9.86373e-07	-2.26866e-05	-1.39293e+01	
109	7.179953e-04	2.300000e+01	-7.53358e-07	-1.73272e-05	-1.38027e+01	
110	7.279953e-04	2.300000e+01	-5.20239e-07	-1.19655e-05	-1.36783e+01	
111	7.379953e-04	2.300000e+01	-2.83535e-07	-6.52130e-06	-1.35562e+01	
112	7.479953e-04	2.300000e+01	-4.80072e-08	-1.10417e-06	-1.34362e+01	
113	7.579953e-04	2.300000e+01	1.895742e-07	4.360207e-06	-1.33184e+01	
114	7.679953e-04	2.300000e+01	4.246105e-07	9.766040e-06	-1.32026e+01	
115	7.779953e-04	2.300000e+01	6.604976e-07	1.519145e-05	-1.30888e+01	
116	7.879953e-04	2.300000e+01	8.923925e-07	2.052503e-05	-1.29769e+01	
117	7.979953e-04	2.300000e+01	1.123780e-06	2.584694e-05	-1.28669e+01	
118	8.079953e-04	2.300000e+01	1.349825e-06	3.104597e-05	-1.27588e+01	
119	8.179953e-04	2.300000e+01	1.574024e-06	3.620255e-05	-1.26525e+01	
120	8.279953e-04	2.300000e+01	1.791555e-06	4.120577e-05	-1.25479e+01	
121	8.379953e-04	2.300000e+01	2.005931e-06	4.613641e-05	-1.24450e+01	
122	8.479953e-04	2.300000e+01	2.212348e-06	5.088401e-05	-1.23439e+01	
123	8.579953e-04	2.300000e+01	2.414340e-06	5.552981e-05	-1.22443e+01	
124	8.679953e-04	2.300000e+01	2.607125e-06	5.996387e-05	-1.21464e+01	
125	8.779953e-04	2.300000e+01	2.794260e-06	6.426798e-05	-1.20500e+01	
126	8.879953e-04	2.300000e+01	2.970991e-06	6.833280e-05	-1.19551e+01	
127	8.979953e-04	2.300000e+01	3.140903e-06	7.224077e-05	-1.18617e+01	
128	9.079953e-04	2.300000e+01	3.299270e-06	7.588321e-05	-1.17697e+01	
129	9.179953e-04	2.300000e+01	3.449707e-06	7.934326e-05	-1.16792e+01	
130	9.279953e-04	2.300000e+01	3.587520e-06	8.251295e-05	-1.15900e+01	
131	9.379953e-04	2.300000e+01	3.716354e-06	8.547614e-05	-1.15022e+01	
132	9.479953e-04	2.300000e+01	3.831548e-06	8.812560e-05	-1.14157e+01	
133	9.579953e-04	2.300000e+01	3.936779e-06	9.054592e-05	-1.13306e+01	
134	9.679953e-04	2.300000e+01	4.027416e-06	9.263058e-05	-1.12466e+01	
135	9.779953e-04	2.300000e+01	4.107168e-06	9.446487e-05	-1.11639e+01	
136	9.879953e-04	2.300000e+01	4.171435e-06	9.594300e-05	-1.10824e+01	
137	9.919424e-04	2.300000e+01	4.192508e-06	9.642768e-05	-1.10021e+01	
138	9.939754e-04	2.300000e+01	4.203618e-06	9.668321e-05	-1.09230e+01	
139	9.945262e-04	2.300000e+01	4.205625e-06	9.672939e-05	-1.08450e+01	
140	9.951503e-04	2.300000e+01	4.209405e-06	9.681632e-05	-1.07680e+01	
141	9.954274e-04	2.300000e+01	4.210003e-06	9.683008e-05	-1.06922e+01	
142	9.957967e-04	2.300000e+01	4.212507e-06	9.688766e-05	-1.06174e+01	
143	9.964735e-04	2.300000e+01	4.214957e-06	9.694402e-05	-1.05437e+01	
144	9.975992e-04	2.300000e+01	4.220858e-06	9.707973e-05	-1.04710e+01	
145	9.998506e-04	2.300000e+01	4.229954e-06	9.728895e-05	-1.03993e+01	
146	1.003528e-03	2.300000e+01	4.189118e-06	9.634971e-05	-1.03285e+01	
147	1.004813e-03	2.300000e+01	-1.06859e-05	-2.45775e-04	-1.02587e+01	
148	1.005852e-03	2.300000e+01	-9.96440e-04	-2.29181e-02	-1.01900e+01	
149	1.006312e-03	2.300000e+01	-3.44619e-03	-7.92624e-02	-1.01226e+01	
150	1.006801e-03	2.300000e+01	-7.67690e-03	-1.76569e-01	-1.00568e+01	
151	1.007361e-03	2.300000e+01	-1.36313e-02	-3.13519e-01	-9.99267e+00	
152	1.007993e-03	2.300000e+01	-2.10323e-02	-4.83744e-01	-9.93052e+00	
153	1.008892e-03	2.300000e+01	-3.22034e-02	-7.40678e-01	-9.87085e+00	
154	1.010596e-03	2.300000e+01	-5.42256e-02	-1.24719e+00	-9.81521e+00	
155	1.012904e-03	2.300000e+01	-8.48839e-02	-1.95233e+00	-9.76481e+00	
156	1.017482e-03	2.300000e+01	-1.46647e-01	-3.37288e+00	-9.72409e+00	
157	1.025971e-03	2.300000e+01	-2.61999e-01	-6.02597e+00	-9.70069e+00	
158	1.035971e-03	2.300000e+01	-3.97265e-01	-9.13710e+00	-9.69714e+00	
159	1.045971e-03	2.300000e+01	-5.31134e-01	-1.22161e+01	-9.71289e+00	
160	1.055971e-03	2.300000e+01	-6.62667e-01	-1.52413e+01	-9.74722e+00	
161	1.065971e-03	2.300000e+01	-7.91299e-01	-1.81999e+01	-9.79940e+00	
162	1.075971e-03	2.300000e+01	-9.16447e-01	-2.10783e+01	-9.86860e+00	
163	1.085971e-03	2.300000e+01	-1.03766e+00	-2.38662e+01	-9.95395e+00	
164	1.095971e-03	2.300000e+01	-1.15438e+00	-2.65508e+01	-1.00545e+01	
165	1.105971e-03	2.300000e+01	-1.26621e+00	-2.91227e+01	-1.01694e+01	
166	1.115971e-03	2.300000e+01	-1.37262e+00	-3.15702e+01	-1.02976e+01	
167	1.125971e-03	2.300000e+01	-1.47325e+00	-3.38848e+01	-1.04380e+01	
168	1.135971e-03	2.300000e+01	-1.56765e+00	-3.60560e+01	-1.05895e+01	
169	1.145971e-03	2.300000e+01	-1.65551e+00	-3.80767e+01	-1.07512e+01	
170	1.155971e-03	2.300000e+01	-1.73640e+00	-3.99373e+01	-1.09219e+01	
171	1.165971e-03	2.300000e+01	-1.81009e+00	-4.16320e+01	-1.11005e+01	
172	1.175971e-03	2.300000e+01	-1.87620e+00	-4.31526e+01	-1.12857e+01	
173	1.185971e-03	2.300000e+01	-1.93455e+00	-4.44947e+01	-1.14766e+01	
174	1.195971e-03	2.300000e+01	-1.98484e+00	-4.56514e+01	-1.16719e+01	
175	1.205971e-03	2.300000e+01	-2.02694e+00	-4.66197e+01	-1.18704e+01	
176	1.215971e-03	2.300000e+01	-2.06062e+00	-4.73944e+01	-1.20711e+01	
177	1.225971e-03	2.300000e+01	-2.08581e+00	-4.79737e+01	-1.22728e+01	
178	1.235971e-03	2.300000e+01	-2.10235e+00	-4.83541e+01	-1.24744e+01	
179	1.245971e-03	2.300000e+01	-2.11024e+00	-4.85355e+01	-1.26747e+01	
180	1.255971e-03	2.300000e+01	-2.10938e+00	-4.85157e+01	-1.28728e+01	
181	1.265971e-03	2.300000e+01	-2.09984e+00	-4.82962e+01	-1.30674e+01	
182	1.275971e-03	2.300000e+01	-2.08159e+00	-4.78765e+01	-1.32576e+01	
183	1.285971e-03	2.300000e+01	-2.05477e+00	-4.72596e+01	-1.34424e+01	
184	1.295971e-03	2.300000e+01	-2.01942e+00	-4.64466e+01	-1.36208e+01	
185	1.305971e-03	2.300000e+01	-1.97574e+00	-4.54420e+01	-1.37919e+01	
186	1.315971e-03	2.300000e+01	-1.92384e+00	-4.42484e+01	-1.39548e+01	
187	1.325971e-03	2.300000e+01	-1.86399e+00	-4.28718e+01	-1.41086e+01	
188	1.335971e-03	2.300000e+01	-1.79636e+00	-4.13163e+01	-1.42525e+01	
189	1.345971e-03	2.300000e+01	-1.72128e+00	-3.95895e+01	-1.43859e+01	
190	1.355971e-03	2.300000e+01	-1.63899e+00	-3.76967e+01	-1.45079e+01	
191	1.365971e-03	2.300000e+01	-1.54986e+00	-3.56468e+01	-1.46180e+01	
192	1.375971e-03	2.300000e+01	-1.45419e+00	-3.34464e+01	-1.47156e+01	
193	1.385971e-03	2.300000e+01	-1.35243e+00	-3.11059e+01	-1.48001e+01	
194	1.395971e-03	2.300000e+01	-1.24491e+00	-2.86329e+01	-1.48710e+01	
195	1.405971e-03	2.300000e+01	-1.13213e+00	-2.60389e+01	-1.49280e+01	
196	1.415971e-03	2.300000e+01	-1.01447e+00	-2.33328e+01	-1.49706e+01	
197	1.425971e-03	2.300000e+01	-8.92479e-01	-2.05270e+01	-1.49987e+01	
198	1.435971e-03	2.300000e+01	-7.66589e-01	-1.76315e+01	-1.50119e+01	
199	1.445971e-03	2.300000e+01	-6.37388e-01	-1.46599e+01	-1.50102e+01	
200	1.455971e-03	2.300000e+01	-5.05371e-01	-1.16235e+01	-1.49933e+01	
201	1.465971e-03	2.300000e+01	-3.71215e-01	-8.53795e+00	-1.49614e+01	
202	1.475971e-03	2.300000e+01	-2.35598e-01	-5.41876e+00	-1.49144e+01	
203	1.485971e-03	2.300000e+01	-1.00015e-01	-2.30035e+00	-1.48525e+01	
204	1.491932e-03	2.300000e+01	-2.19737e-02	-5.05396e-01	-1.47825e+01	
205	1.493824e-03	2.300000e+01	-2.55031e-03	-5.86572e-02	-1.47111e+01	
206	1.494658e-03	2.300000e+01	-1.46565e-04	-3.37098e-03	-1.46400e+01	
207	1.495278e-03	2.300000e+01	-1.43459e-05	-3.29955e-04	-1.45696e+01	
208	1.495657e-03	2.300000e+01	-6.17996e-06	-1.42139e-04	-1.44999e+01	
209	1.496014e-03	2.300000e+01	-4.66163e-06	-1.07217e-04	-1.44309e+01	
210	1.496726e-03	2.300000e+01	-4.26142e-06	-9.80127e-05	-1.43625e+01	
211	1.498150e-03	2.300000e+01	-4.23933e-06	-9.75045e-05	-1.42947e+01	
212	1.500999e-03	2.300000e+01	-4.22590e-06	-9.71958e-05	-1.42276e+01	
213	1.503222e-03	2.300000e+01	-4.21766e-06	-9.70062e-05	-1.41611e+01	
214	1.504290e-03	2.300000e+01	-4.21091e-06	-9.68509e-05	-1.40953e+01	
215	1.505190e-03	2.300000e+01	-4.20831e-06	-9.67910e-05	-1.40300e+01	
216	1.505643e-03	2.300000e+01	-4.20432e-06	-9.66994e-05	-1.39654e+01	
217	1.505984e-03	2.300000e+01	-4.20438e-06	-9.67007e-05	-1.39013e+01	
218	1.506398e-03	2.300000e+01	-4.20054e-06	-9.66125e-05	-1.38378e+01	
219	1.506845e-03	2.300000e+01	-4.20002e-06	-9.66004e-05	-1.37749e+01	
220	1.507468e-03	2.300000e+01	-4.19505e-06	-9.64863e-05	-1.37126e+01	
221	1.508110e-03	2.300000e+01	-4.19343e-06	-9.64488e-05	-1.36508e+01	
222	1.509083e-03	2.300000e+01	-4.18647e-06	-9.62888e-05	-1.35896e+01	
223	1.510981e-03	2.300000e+01	-4.17770e-06	-9.60870e-05	-1.35290e+01	
224	1.513395e-03	2.300000e+01	-4.16179e-06	-9.57211e-05	-1.34688e+01	
225	1.518224e-03	2.300000e+01	-4.13319e-06	-9.50634e-05	-1.34092e+01	
226	1.522446e-03	2.300000e+01	-4.10146e-06	-9.43336e-05	-1.33502e+01	
227	1.526484e-03	2.300000e+01	-4.07328e-06	-9.36854e-05	-1.32916e+01	
228	1.533027e-03	2.300000e+01	-4.01777e-06	-9.24087e-05	-1.32336e+01	
229	1.539612e-03	2.300000e+01	-3.95965e-06	-9.10720e-05	-1.31760e+01	
230	1.549612e-03	2.300000e+01	-3.85795e-06	-8.87330e-05	-1.31190e+01	
231	1.559612e-03	2.300000e+01	-3.74504e-06	-8.61360e-05	-1.30624e+01	
232	1.569612e-03	2.300000e+01	-3.61951e-06	-8.32487e-05	-1.30064e+01	
233	1.579612e-03	2.300000e+01	-3.48374e-06	-8.01260e-05	-1.29508e+01	
234	1.589612e-03	2.300000e+01	-3.33636e-06	-7.67362e-05	-1.28957e+01	
235	1.599612e-03	2.300000e+01	-3.17978e-06	-7.31349e-05	-1.28410e+01	
236	1.609612e-03	2.300000e+01	-3.01266e-06	-6.92912e-05	-1.27869e+01	
237	1.619612e-03	2.300000e+01	-2.83745e-06	-6.52613e-05	-1.27331e+01	
238	1.629612e-03	2.300000e+01	-2.65283e-06	-6.10152e-05	-1.26799e+01	
239	1.639612e-03	2.300000e+01	-2.46128e-06	-5.66095e-05	-1.26270e+01	
240	1.649612e-03	2.300000e+01	-2.26152e-06	-5.20150e-05	-1.25746e+01	
241	1.659612e-03	2.300000e+01	-2.05604e-06	-4.72890e-05	-1.25227e+01	
242	1.669612e-03	2.300000e+01	-1.84360e-06	-4.24027e-05	-1.24711e+01	
243	1.679612e-03	2.300000e+01	-1.62670e-06	-3.74140e-05	-1.24200e+01	
244	1.689612e-03	2.300000e+01	-1.40411e-06	-3.22946e-05	-1.23693e+01	
245	1.699612e-03	2.300000e+01	-1.17838e-06	-2.71028e-05	-1.23191e+01	
246	1.709612e-03	2.300000e+01	-9.48288e-07	-2.18106e-05	-1.22692e+01	
247	1.719612e-03	2.300000e+01	-7.16385e-07	-1.64769e-05	-1.22197e+01	
248	1.729612e-03	2.300000e+01	-4.81466e-07	-1.10737e-05	-1.21706e+01	
249	1.739612e-03	2.300000e+01	-2.46094e-07	-5.66015e-06	-1.21219e+01	
250	1.749612e-03	2.300000e+01	-8.98610e-09	-2.06680e-07	-1.20737e+01	
251	1.759612e-03	2.300000e+01	2.270423e-07	5.221972e-06	-1.20257e+01	
252	1.769612e-03	2.300000e+01	4.634368e-07	1.065905e-05	-1.19782e+01	
253	1.779612e-03	2.300000e+01	6.975502e-07	1.604365e-05	-1.19311e+01	
254	1.789612e-03	2.300000e+01	9.305833e-07	2.140341e-05	-1.18843e+01	
255	1.799612e-03	2.300000e+01	1.159978e-06	2.667949e-05	-1.18378e+01	
256	1.809612e-03	2.300000e+01	1.386944e-06	3.189971e-05	-1.17918e+01	
257	1.819612e-03	2.300000e+01	1.608935e-06	3.700550e-05	-1.17461e+01	
258	1.829612e-03	2.300000e+01	1.827174e-06	4.202501e-05	-1.17007e+01	
259	1.839612e-03	2.300000e+01	2.039132e-06	4.690004e-05	-1.16557e+01	
260	1.849612e-03	2.300000e+01	2.246051e-06	5.165917e-05	-1.16111e+01	
261	1.859612e-03	2.300000e+01	2.445421e-06	5.624467e-05	-1.15667e+01	
262	1.869612e-03	2.300000e+01	2.638507e-06	6.068567e-05	-1.15228e+01	
263	1.879612e-03	2.300000e+01	2.822826e-06	6.492499e-05	-1.14791e+01	
264	1.889612e-03	2.300000e+01	2.999668e-06	6.899235e-05	-1.14358e+01	
265	1.899612e-03	2.300000e+01	3.166576e-06	7.283125e-05	-1.13928e+01	
266	1.909612e-03	2.300000e+01	3.324872e-06	7.647206e-05	-1.13501e+01	
267	1.919612e-03	2.300000e+01	3.472129e-06	7.985897e-05	-1.13078e+01	
268	1.929612e-03	2.300000e+01	3.609699e-06	8.302308e-05	-1.12657e+01	
269	1.939612e-03	2.300000e+01	3.735187e-06	8.590931e-05	-1.12240e+01	
270	1.949612e-03	2.300000e+01	3.849977e-06	8.854948e-05	-1.11826e+01	
271	1.959612e-03	2.300000e+01	3.951706e-06	9.088924e-05	-1.11415e+01	
272	1.969612e-03	2.300000e+01	4.041788e-06	9.296113e-05	-1.11007e+01	
273	1.979612e-03	2.300000e+01	4.117891e-06	9.471149e-05	-1.10602e+01	
274	1.989612e-03	2.300000e+01	4.181460e-06	9.617358e-05	-1.10199e+01	
275	1.993463e-03	2.300000e+01	4.199615e-06	9.659115e-05	-1.09800e+01	
276	1.994482e-03	2.300000e+01	4.206842e-06	9.675736e-05	-1.09404e+01	
277	1.995084e-03	2.300000e+01	4.207650e-06	9.677594e-05	-1.09010e+01	
278	1.995340e-03	2.300000e+01	4.211018e-06	9.685340e-05	-1.08620e+01	
279	1.995713e-03	2.300000e+01	4.210673e-06	9.684547e-05	-1.08232e+01	
280	1.996280e-03	2.300000e+01	4.215483e-06	9.695612e-05	-1.07846e+01	
281	1.997414e-03	2.300000e+01	4.218593e-06	9.702765e-05	-1.07464e+01	
282	1.999460e-03	2.300000e+01	4.229722e-06	9.728361e-05	-1.07084e+01	
283	2.003552e-03	2.300000e+01	4.181346e-06	9.617095e-05	-1.06707e+01	
284	2.005674e-03	2.300000e+01	-5.27948e-04	-1.21428e-02	-1.06333e+01	
285	2.006423e-03	2.300000e+01	-4.28708e-03	-9.86027e-02	-1.05965e+01	
286	2.007218e-03	2.300000e+01	-1.20331e-02	-2.76761e-01	-1.05605e+01	
287	2.007948e-03	2.300000e+01	-2.05072e-02	-4.71665e-01	-1.05255e+01	
288	2.008698e-03	2.300000e+01	-2.97342e-02	-6.83887e-01	-1.04914e+01	
289	2.009936e-03	2.300000e+01	-4.56091e-02	-1.04901e+00	-1.04589e+01	
290	2.012411e-03	2.300000e+01	-7.82840e-02	-1.80053e+00	-1.04291e+01	
291	2.015665e-03	2.300000e+01	-1.21951e-01	-2.80488e+00	-1.04030e+01	
292	2.020447e-03	2.300000e+01	-1.86767e-01	-4.29565e+00	-1.03822e+01	
293	2.024760e-03	2.300000e+01	-2.45517e-01	-5.64690e+00	-1.03661e+01	
294	2.030549e-03	2.300000e+01	-3.24099e-01	-7.45428e+00	-1.03562e+01	
295	2.036572e-03	2.300000e+01	-4.05480e-01	-9.32603e+00	-1.03527e+01	
296	2.046572e-03	2.300000e+01	-5.39131e-01	-1.24000e+01	-1.03596e+01	
297	2.056572e-03	2.300000e+01	-6.70503e-01	-1.54216e+01	-1.03766e+01	
298	2.066572e-03	2.300000e+01	-7.98905e-01	-1.83748e+01	-1.04034e+01	
299	2.076572e-03	2.300000e+01	-9.23868e-01	-2.12490e+01	-1.04395e+01	
300	2.086572e-03	2.300000e+01	-1.04479e+00	-2.40302e+01	-1.04847e+01	
301	2.096572e-03	2.300000e+01	-1.16127e+00	-2.67091e+01	-1.05384e+01	
302	2.106572e-03	2.300000e+01	-1.27274e+00	-2.92730e+01	-1.06002e+01	
303	2.116572e-03	2.300000e+01	-1.37885e+00	-3.17136e+01	-1.06697e+01	
304	2.126572e-03	2.300000e+01	-1.47909e+00	-3.40191e+01	-1.07462e+01	
305	2.136572e-03	2.300000e+01	-1.57314e+00	-3.61823e+01	-1.08293e+01	
306	2.146572e-03	2.300000e+01	-1.66055e+00	-3.81927e+01	-1.09185e+01	
307	2.156572e-03	2.300000e+01	-1.74106e+00	-4.00443e+01	-1.10130e+01	
308	2.166572e-03	2.300000e+01	-1.81426e+00	-4.17280e+01	-1.11124e+01	
309	2.176572e-03	2.300000e+01	-1.87995e+00	-4.32388e+01	-1.12161e+01	
310	2.186572e-03	2.300000e+01	-1.93779e+00	-4.45691e+01	-1.13233e+01	
311	2.196572e-03	2.300000e+01	-1.98763e+00	-4.57154e+01	-1.14335e+01	
312	2.206572e-03	2.300000e+01	-2.02919e+00	-4.66714e+01	-1.15461e+01	
313	2.216572e-03	2.300000e+01	-2.06240e+00	-4.74351e+01	-1.16604e+01	
314	2.226572e-03	2.300000e+01	-2.08704e+00	-4.80018e+01	-1.17758e+01	
315	2.236572e-03	2.300000e+01	-2.10309e+00	-4.83711e+01	-1.18916e+01	
316	2.246572e-03	2.300000e+01	-2.11042e+00	-4.85396e+01	-1.20072e+01	
317	2.256572e-03	2.300000e+01	-2.10907e+00	-4.85086e+01	-1.21220e+01	
318	2.266572e-03	2.300000e+01	-2.09897e+00	-4.82762e+01	-1.22353e+01	
319	2.276572e-03	2.300000e+01	-2.08023e+00	-4.78454e+01	-1.23466e+01	
320	2.286572e-03	2.300000e+01	-2.05286e+00	-4.72159e+01	-1.24552e+01	
321	2.296572e-03	2.300000e+01	-2.01704e+00	-4.63920e+01	-1.25606e+01	
322	2.306572e-03	2.300000e+01	-1.97283e+00	-4.53751e+01	-1.26622e+01	
323	2.316572e-03	2.300000e+01	-1.92048e+00	-4.41711e+01	-1.27595e+01	
324	2.326572e-03	2.300000e+01	-1.86013e+00	-4.27829e+01	-1.28519e+01	
325	2.336572e-03	2.300000e+01	-1.79208e+00	-4.12177e+01	-1.29389e+01	
326	2.346572e-03	2.300000e+01	-1.71652e+00	-3.94799e+01	-1.30200e+01	
327	2.356572e-03	2.300000e+01	-1.63384e+00	-3.75782e+01	-1.30949e+01	
328	2.366572e-03	2.300000e+01	-1.54427e+00	-3.55183e+01	-1.31631e+01	
329	2.376572e-03	2.300000e+01	-1.44826e+00	-3.33100e+01	-1.32241e+01	
330	2.386572e-03	2.300000e+01	-1.34611e+00	-3.09605e+01	-1.32777e+01	
331	2.396572e-03	2.300000e+01	-1.23829e+00	-2.84807e+01	-1.33235e+01	
332	2.406572e-03	2.300000e+01	-1.12517e+00	-2.58789e+01	-1.33612e+01	
333	2.416572e-03	2.300000e+01	-1.00727e+00	-2.31673e+01	-1.33906e+01	
334	2.426572e-03	2.300000e+01	-8.84999e-01	-2.03550e+01	-1.34113e+01	
335	2.436572e-03	2.300000e+01	-7.58929e-01	-1.74554e+01	-1.34234e+01	
336	2.446572e-03	2.300000e+01	-6.29508e-01	-1.44787e+01	-1.34265e+01	
337	2.456572e-03	2.300000e+01	-4.97379e-01	-1.14397e+01	-1.34206e+01	
338	2.466572e-03	2.300000e+01	-3.63078e-01	-8.35080e+00	-1.34057e+01	
339	2.476572e-03	2.300000e+01	-2.27441e-01	-5.23114e+00	-1.33816e+01	
340	2.486572e-03	2.300000e+01	-9.19167e-02	-2.11408e+00	-1.33486e+01	
341	2.490895e-03	2.300000e+01	-3.49178e-02	-8.03110e-01	-1.33119e+01	
342	2.493830e-03	2.300000e+01	-2.50162e-03	-5.75372e-02	-1.32733e+01	
343	2.494438e-03	2.300000e+01	-3.53652e-04	-8.13399e-03	-1.32347e+01	
344	2.495210e-03	2.300000e+01	-1.77675e-05	-4.08653e-04	-1.31963e+01	
345	2.495492e-03	2.300000e+01	-8.23772e-06	-1.89468e-04	-1.31582e+01	
346	2.495852e-03	2.300000e+01	-5.07625e-06	-1.16754e-04	-1.31203e+01	
347	2.496501e-03	2.300000e+01	-4.29529e-06	-9.87916e-05	-1.30826e+01	
348	2.497799e-03	2.300000e+01	-4.23885e-06	-9.74936e-05	-1.30451e+01	
349	2.500395e-03	2.300000e+01	-4.23041e-06	-9.72994e-05	-1.30078e+01	
350	2.505090e-03	2.300000e+01	-4.20727e-06	-9.67673e-05	-1.29708e+01	
351	2.506526e-03	2.300000e+01	-4.20146e-06	-9.66336e-05	-1.29339e+01	
352	2.507464e-03	2.300000e+01	-4.19527e-06	-9.64912e-05	-1.28973e+01	
353	2.508376e-03	2.300000e+01	-4.19183e-06	-9.64120e-05	-1.28608e+01	
354	2.509232e-03	2.300000e+01	-4.18584e-06	-9.62744e-05	-1.28246e+01	
355	2.510785e-03	2.300000e+01	-4.17860e-06	-9.61079e-05	-1.27886e+01	
356	2.512751e-03	2.300000e+01	-4.16581e-06	-9.58137e-05	-1.27528e+01	
357	2.515164e-03	2.300000e+01	-4.15248e-06	-9.55070e-05	-1.27171e+01	
358	2.519991e-03	2.300000e+01	-4.11958e-06	-9.47503e-05	-1.26817e+01	
359	2.524738e-03	2.300000e+01	-4.08614e-06	-9.39813e-05	-1.26465e+01	
360	2.531881e-03	2.300000e+01	-4.02834e-06	-9.26518e-05	-1.26115e+01	
361	2.541881e-03	2.300000e+01	-3.93825e-06	-9.05798e-05	-1.25766e+01	
362	2.551881e-03	2.300000e+01	-3.83280e-06	-8.81544e-05	-1.25420e+01	
363	2.561881e-03	2.300000e+01	-3.71815e-06	-8.55174e-05	-1.25075e+01	
364	2.571881e-03	2.300000e+01	-3.58908e-06	-8.25488e-05	-1.24733e+01	
365	2.581881e-03	2.300000e+01	-3.45180e-06	-7.93913e-05	-1.24392e+01	
366	2.591881e-03	2.300000e+01	-3.30111e-06	-7.59256e-05	-1.24053e+01	
367	2.601881e-03	2.300000e+01	-3.14326e-06	-7.22950e-05	-1.23716e+01	
368	2.611881e-03	2.300000e+01	-2.97309e-06	-6.83811e-05	-1.23381e+01	
369	2.621881e-03	2.300000e+01	-2.79686e-06	-6.43278e-05	-1.23047e+01	
370	2.631881e-03	2.300000e+01	-2.60945e-06	-6.00174e-05	-1.22715e+01	
371	2.641881e-03	2.300000e+01	-2.41716e-06	-5.55946e-05	-1.22386e+01	
372	2.651881e-03	2.300000e+01	-2.21487e-06	-5.09421e-05	-1.22057e+01	
373	2.661881e-03	2.300000e+01	-2.00893e-06	-4.62053e-05	-1.21731e+01	
374	2.671881e-03	2.300000e+01	-1.79424e-06	-4.12676e-05	-1.21406e+01	
375	2.681881e-03	2.300000e+01	-1.57716e-06	-3.62748e-05	-1.21084e+01	
376	2.691881e-03	2.300000e+01	-1.35264e-06	-3.11107e-05	-1.20762e+01	
377	2.701881e-03	2.300000e+01	-1.12703e-06	-2.59217e-05	-1.20443e+01	
378	2.711881e-03	2.300000e+01	-8.95297e-07	-2.05918e-05	-1.20125e+01	
379	2.721881e-03	2.300000e+01	-6.63819e-07	-1.52678e-05	-1.19809e+01	
380	2.731881e-03	2.300000e+01	-4.27569e-07	-9.83408e-06	-1.19495e+01	
381	2.741881e-03	2.300000e+01	-1.92930e-07	-4.43740e-06	-1.19182e+01	
382	2.751881e-03	2.300000e+01	4.519903e-08	1.039578e-06	-1.18871e+01	
383	2.761881e-03	2.300000e+01	2.801825e-07	6.444197e-06	-1.18561e+01	
384	2.771881e-03	2.300000e+01	5.172884e-07	1.189763e-05	-1.18253e+01	
385	2.781881e-03	2.300000e+01	7.500470e-07	1.725108e-05	-1.17947e+01	
386	2.791881e-03	2.300000e+01	9.834828e-07	2.262010e-05	-1.17642e+01	
387	2.801881e-03	2.300000e+01	1.211216e-06	2.785796e-05	-1.17339e+01	
388	2.811881e-03	2.300000e+01	1.438280e-06	3.308044e-05	-1.17037e+01	
389	2.821881e-03	2.300000e+01	1.658308e-06	3.814108e-05	-1.16737e+01	
390	2.831881e-03	2.300000e+01	1.876348e-06	4.315600e-05	-1.16438e+01	
391	2.841881e-03	2.300000e+01	2.086049e-06	4.797912e-05	-1.16141e+01	
392	2.851881e-03	2.300000e+01	2.292478e-06	5.272700e-05	-1.15846e+01	
393	2.861881e-03	2.300000e+01	2.489307e-06	5.725405e-05	-1.15552e+01	
394	2.871881e-03	2.300000e+01	2.681625e-06	6.167738e-05	-1.15259e+01	
395	2.881881e-03	2.300000e+01	2.863129e-06	6.585197e-05	-1.14968e+01	
396	2.891881e-03	2.300000e+01	3.038936e-06	6.989553e-05	-1.14679e+01	
397	2.901881e-03	2.300000e+01	3.202770e-06	7.366370e-05	-1.14390e+01	
398	2.911881e-03	2.300000e+01	3.359777e-06	7.727488e-05	-1.14104e+01	
399	2.921881e-03	2.300000e+01	3.503713e-06	8.058540e-05	-1.13819e+01	
400	2.931881e-03	2.300000e+01	3.639755e-06	8.371436e-05	-1.13535e+01	
401	2.941881e-03	2.300000e+01	3.761689e-06	8.651886e-05	-1.13252e+01	
402	2.951881e-03	2.300000e+01	3.874726e-06	8.911871e-05	-1.12971e+01	
403	2.961881e-03	2.300000e+01	3.972683e-06	9.137172e-05	-1.12692e+01	
404	2.971881e-03	2.300000e+01	4.060802e-06	9.339844e-05	-1.12413e+01	
405	2.981881e-03	2.300000e+01	4.132928e-06	9.505735e-05	-1.12136e+01	
406	2.991881e-03	2.300000e+01	4.194335e-06	9.646971e-05	-1.11861e+01	
407	2.994807e-03	2.300000e+01	4.205686e-06	9.673078e-05	-1.11587e+01	
408	2.995343e-03	2.300000e+01	4.211649e-06	9.686793e-05	-1.11314e+01	
409	2.995658e-03	2.300000e+01	4.209793e-06	9.682523e-05	-1.11042e+01	
410	2.996140e-03	2.300000e+01	4.215445e-06	9.695523e-05	-1.10772e+01	
411	2.997103e-03	2.300000e+01	4.216551e-06	9.698067e-05	-1.10503e+01	
412	2.998788e-03	2.300000e+01	4.227445e-06	9.723123e-05	-1.10236e+01	
413	3.000000e-03	2.300000e+01	4.229147e-06	9.727037e-05	-1.09970e+01	
